Sample in Buffer	Sample in Window	DataPort_1	rx_data
0	0	D91	-1472	
1	1	A40	-595	
2	2	DAD	-1857	
3	3	8BF	-526	
4	4	DF2	1408	
5	5	580	-441	
6	6	E47	1471	
7	7	5BF	-280	
8	8	EE8	-1601	
9	9	9BF	-188	
10	10	F44	-194	
11	11	F3E	49	
12	12	031	1790	
13	13	6FE	157	
14	14	09D	1471	
15	15	5BF	406	
16	16	196	641	
17	17	281	764	
18	18	2FC	-1280	
19	19	B00	827	
20	20	33B	702	
21	21	2BE	685	
22	22	2AD	448	
23	23	1C0	895	
24	24	37F	1729	
25	25	6C1	834	
26	26	342	575	
27	27	23F	656	
28	28	290	-896	
29	29	C80	724	
30	30	2D4	-1922	
31	31	87E	559	
32	32	22F	1469	
33	33	5BD	349	
34	34	15D	-1346	
35	35	ABE	258	
36	36	102	-1857	
37	37	8BF	312	
38	38	138	1730	
39	39	6C2	263	
40	40	107	128	
41	41	080	-120	
42	42	F88	-1986	
43	43	83E	-303	
44	44	ED1	2047	
45	45	7FF	-354	
46	46	E9E	448	
47	47	1C0	-567	
48	48	DC9	-1089	
49	49	BBF	-581	
50	50	DBB	-2048	
51	51	800	-734	
52	52	D22	-64	
53	53	FC0	-722	
54	54	D2E	639	
55	55	27F	-714	
56	56	D36	2047	
57	57	7FF	-714	
58	58	D36	-1472	
59	59	A40	-755	
60	60	D0D	-704	
61	61	D40	-657	
62	62	D6F	448	
63	63	1C0	-618	
64	64	D96	-1984	
65	65	840	-512	
66	66	E00	959	
67	67	3BF	-398	
68	68	E72	-65	
69	69	FBF	-220	
70	70	F24	510	
71	71	1FE	-75	
72	72	FB5	-898	
73	73	C7E	37	
74	74	025	-577	
75	75	DBF	268	
76	76	10C	-447	
77	77	E41	689	
78	78	2B1	-1534	
79	79	A02	797	
80	80	31D	-1983	
81	81	841	866	
82	82	362	-2048	
83	83	800	810	
84	84	32A	1919	
85	85	77F	730	
86	86	2DA	319	
87	87	13F	831	
88	88	33F	895	
89	89	37F	745	
90	90	2E9	1281	
91	91	501	776	
92	92	308	-1022	
93	93	C02	878	
94	94	36E	897	
95	95	381	616	
96	96	268	1150	
97	97	47E	283	
98	98	11B	765	
99	99	2FD	104	
100	100	068	-1	
101	101	FFF	-62	
102	102	FC2	-961	
103	103	C3F	-143	
104	104	F71	383	
105	105	17F	-351	
106	106	EA1	-640	
107	107	D80	-366	
108	108	E92	450	
109	109	1C2	-398	
110	110	E72	-638	
111	111	D82	-537	
112	112	DE7	-704	
113	113	D40	-680	
114	114	D58	64	
115	115	040	-804	
116	116	CDC	-960	
117	117	C40	-780	
118	118	CF4	-64	
119	119	FC0	-736	
120	120	D20	640	
121	121	280	-755	
122	122	D0D	-320	
123	123	EC0	-683	
124	124	D55	-1664	
125	125	980	-621	
126	126	D93	-448	
127	127	E40	-503	
128	128	E09	-1665	
129	129	97F	-337	
130	130	EAF	-1281	
131	131	AFF	-220	
132	132	F24	-706	
133	133	D3E	-70	
134	134	FBA	-65	
135	135	FBF	244	
136	136	0F4	834	
137	137	342	585	
138	138	249	1026	
139	139	402	740	
140	140	2E4	-832	
141	141	CC0	699	
142	142	2BB	-451	
143	143	E3D	550	
144	144	226	-772	
145	145	CFC	570	
146	146	23A	-323	
147	147	EBD	619	
148	148	26B	1278	
149	149	4FE	696	
150	150	2B8	-256	
151	151	F00	804	
152	152	324	1662	
153	153	67E	542	
154	154	21E	-1346	
155	155	ABE	474	
156	156	1DA	-894	
157	157	C82	679	
158	158	2A7	-958	
159	159	C42	458	
160	160	1CA	-1537	
161	161	9FF	232	
162	162	0E8	-1727	
163	163	941	195	
164	164	0C3	320	
165	165	140	-175	
166	166	F51	-1345	
167	167	ABF	-423	
168	168	E59	-1792	
169	169	900	-505	
170	170	E07	2047	
171	171	7FF	-529	
172	172	DEF	1344	
173	173	540	-703	
174	174	D41	-1601	
175	175	9BF	-642	
176	176	D7E	191	
177	177	0BF	-705	
178	178	D3F	1408	
179	179	580	-796	
180	180	CE4	-192	
181	181	F40	-723	
182	182	D2D	320	
183	183	140	-734	
184	184	D22	-640	
185	185	D80	-672	
186	186	D60	-896	
187	187	C80	-560	
188	188	DD0	639	
189	189	27F	-393	
190	190	E77	575	
191	191	23F	-285	
192	192	EE3	1087	
193	193	43F	-173	
194	194	F53	1918	
195	195	77E	-4	
196	196	FFC	-514	
197	197	DFE	154	
198	198	09A	1149	
199	199	47D	306	
200	200	132	1726	
201	201	6BE	560	
202	202	230	320	
203	203	140	746	
204	204	2EA	447	
205	205	1BF	670	
206	206	29E	-1536	
207	207	A00	881	
208	208	371	1217	
209	209	4C1	839	
210	210	347	255	
211	211	0FF	653	
212	212	28D	-192	
213	213	F40	711	
214	214	2C7	-1090	
215	215	BBE	573	
216	216	23D	-1475	
217	217	A3D	344	
218	218	158	1664	
219	219	680	466	
220	220	1D2	-1981	
221	221	843	539	
222	222	21B	959	
223	223	3BF	126	
224	224	07E	-1667	
225	225	97D	-160	
226	226	F60	-322	
227	227	EBE	-142	
228	228	F72	255	
229	229	0FF	-344	
230	230	EA8	959	
231	231	3BF	-456	
232	232	E38	63	
233	233	03F	-583	
234	234	DB9	-1280	
235	235	B00	-669	
236	236	D63	512	
237	237	200	-740	
238	238	D1C	1791	
239	239	6FF	-717	
240	240	D33	-1728	
241	241	940	-762	
242	242	D06	1920	
243	243	780	-724	
244	244	D2C	1152	
245	245	480	-720	
246	246	D30	-64	
247	247	FC0	-636	
248	248	D84	1983	
249	249	7BF	-474	
250	250	E26	1151	
251	251	47F	-408	
252	252	E68	-769	
253	253	CFF	-293	
254	254	EDB	-321	
255	255	EBF	-114	
256	256	F8E	638	
257	257	27E	47	
258	258	02F	1087	
259	259	43F	316	
260	260	13C	1729	
261	261	6C1	533	
262	262	215	575	
263	263	23F	554	
264	264	22A	-1152	
265	265	B80	809	
266	266	329	-2047	
267	267	801	770	
268	268	302	-833	
269	269	CBF	659	
270	270	293	-449	
271	271	E3F	826	
272	272	33A	1151	
273	273	47F	757	
274	274	2F5	1345	
275	275	541	776	
276	276	308	-510	
277	277	E02	879	
278	278	36F	898	
279	279	382	739	
280	280	2E3	770	
281	281	302	621	
282	282	26D	1987	
283	283	7C3	519	
284	284	207	770	
285	285	302	230	
286	286	0E6	-449	
287	287	E3F	-150	
288	288	F6A	-706	
289	289	D3E	-304	
290	290	ED0	-1473	
291	291	A3F	-421	
292	292	E5B	-128	
293	293	F80	-552	
294	294	DD8	1792	
295	295	700	-655	
296	296	D71	-1408	
297	297	A80	-732	
298	298	D24	-448	
299	299	E40	-711	
300	300	D39	64	
301	301	040	-739	
302	302	D1D	383	
303	303	17F	-708	
304	304	D3C	-1920	
305	305	880	-693	
306	306	D4B	128	
307	307	080	-672	
308	308	D60	1536	
309	309	600	-611	
310	310	D9D	-1729	
311	311	93F	-452	
312	312	E3C	1471	
313	313	5BF	-348	
314	314	EA4	1983	
315	315	7BF	-236	
316	316	F14	-1474	
317	317	A3E	-68	
318	318	FBC	-706	
319	319	D3E	122	
320	320	07A	382	
321	321	17E	199	
322	322	0C7	1661	
323	323	67D	364	
324	324	16C	-1091	
325	325	BBD	466	
326	326	1D2	1213	
327	327	4BD	524	
328	328	20C	1917	
329	329	77D	609	
330	330	261	125	
331	331	07D	614	
332	332	266	638	
333	333	27E	686	
334	334	2AE	-256	
335	335	F00	806	
336	336	326	-1922	
337	337	87E	547	
338	338	223	-515	
339	339	DFD	398	
340	340	18E	1023	
341	341	3FF	575	
342	342	23F	260	
343	343	104	645	
344	344	285	-254	
345	345	F02	387	
346	346	183	-66	
347	347	FBE	-24	
348	348	FE8	1535	
349	349	5FF	-251	
350	350	F05	-1857	
351	351	8BF	-269	
352	352	EF3	255	
353	353	0FF	-417	
354	354	E5F	704	
355	355	2C0	-613	
356	356	D9B	-384	
357	357	E80	-674	
358	358	D5E	-1472	
359	359	A40	-749	
360	360	D13	-512	
361	361	E00	-723	
362	362	D2D	192	
363	363	0C0	-775	
364	364	CF9	-704	
365	365	D40	-740	
366	366	D1C	1280	
367	367	500	-701	
368	368	D43	512	
369	369	200	-675	
370	370	D5D	-896	
371	371	C80	-617	
372	372	D97	-256	
373	373	F00	-447	
374	374	E41	191	
375	375	0BF	-352	
376	376	EA0	-1792	
377	377	900	-30	
378	378	FE2	770	
379	379	302	193	
380	380	0C1	1280	
381	381	500	235	
382	382	0EB	-127	
383	383	F81	570	
384	384	23A	-767	
385	385	D01	668	
386	386	29C	1214	
387	387	4BE	575	
388	388	23F	-320	
389	389	EC0	878	
390	390	36E	322	
391	391	142	982	
392	392	3D6	576	
393	393	240	815	
394	394	32F	-1985	
395	395	83F	646	
396	396	286	-64	
397	397	FC0	714	
398	398	2CA	-130	
399	399	F7E	527	
400	400	20F	-132	
401	401	F7C	438	
402	402	1B6	-1282	
403	403	AFE	332	
404	404	14C	255	
405	405	0FF	354	
406	406	162	258	
407	407	102	471	
408	408	1D7	322	
409	409	142	230	
410	410	0E6	-705	
411	411	D3F	-231	
412	412	F19	-1537	
413	413	9FF	-423	
414	414	E59	-1472	
415	415	A40	-499	
416	416	E0D	1856	
417	417	740	-635	
418	418	D85	-832	
419	419	CC0	-681	
420	420	D57	1535	
421	421	5FF	-709	
422	422	D3B	-449	
423	423	E3F	-719	
424	424	D31	-1280	
425	425	B00	-761	
426	426	D07	1344	
427	427	540	-727	
428	428	D29	960	
429	429	3C0	-725	
430	430	D2B	-1024	
431	431	C00	-672	
432	432	D60	-256	
433	433	F00	-567	
434	434	DC9	2047	
435	435	7FF	-388	
436	436	E7C	1407	
437	437	57F	-278	
438	438	EEA	1407	
439	439	57F	-173	
440	440	F53	-1218	
441	441	B3E	45	
442	442	02D	958	
443	443	3BE	152	
444	444	098	1151	
445	445	47F	407	
446	446	197	704	
447	447	2C0	637	
448	448	27D	-1217	
449	449	B3F	625	
450	450	271	-320	
451	451	EC0	710	
452	452	2C6	2046	
453	453	7FE	597	
454	454	255	-706	
455	455	D3E	666	
456	456	29A	1408	
457	457	580	806	
458	458	326	-1089	
459	459	BBF	681	
460	460	2A9	-511	
461	461	E01	729	
462	462	2D9	-253	
463	463	F03	782	
464	464	30E	961	
465	465	3C1	558	
466	466	22E	958	
467	467	3BE	187	
468	468	0BB	-1474	
469	469	A3E	8	
470	470	008	1022	
471	471	3FE	-91	
472	472	FA5	-450	
473	473	E3E	-206	
474	474	F32	1919	
475	475	77F	-414	
476	476	E62	-576	
477	477	DC0	-574	
478	478	DC2	-705	
479	479	D3F	-584	
480	480	DB8	-1792	
481	481	900	-672	
482	482	D60	256	
483	483	100	-731	
484	484	D25	895	
485	485	37F	-712	
486	486	D38	1791	
487	487	6FF	-726	
488	488	D2A	-704	
489	489	D40	-751	
490	490	D11	-1408	
491	491	A80	-668	
492	492	D64	832	
493	493	340	-627	
494	494	D8D	1599	
495	495	63F	-479	
496	496	E21	2047	
497	497	7FF	-396	
498	498	E74	-129	
499	499	F7F	-285	
500	500	EE3	-1	
501	501	FFF	-116	
502	502	F8C	1662	
503	503	67E	33	
504	504	021	-897	
505	505	C7F	273	
506	506	111	-703	
507	507	D41	698	
508	508	2BA	-1087	
509	509	BC1	680	
510	510	2A8	-323	
511	511	EBD	483	
512	512	1E3	-450	
513	513	E3E	655	
514	514	28F	704	
515	515	2C0	824	
516	516	338	-1025	
517	517	BFF	750	
518	518	2EE	-1984	
519	519	840	711	
520	520	2C7	-834	
521	521	CBE	618	
522	522	26A	957	
523	523	3BD	395	
524	524	18B	-578	
525	525	DBE	387	
526	526	183	510	
527	527	1FE	268	
528	528	10C	1406	
529	529	57E	139	
530	530	08B	1406	
531	531	57E	-8	
532	532	FF8	-65	
533	533	FBF	-161	
534	534	F5F	959	
535	535	3BF	-285	
536	536	EE3	831	
537	537	33F	-410	
538	538	E66	1472	
539	539	5C0	-568	
540	540	DC8	1344	
541	541	540	-675	
542	542	D5D	-896	
543	543	C80	-691	
544	544	D4D	0	
545	545	000	-730	
546	546	D26	320	
547	547	140	-738	
548	548	D1E	127	
549	549	07F	-716	
550	550	D34	-1728	
551	551	940	-764	
552	552	D04	-128	
553	553	F80	-679	
554	554	D59	-1856	
555	555	8C0	-626	
556	556	D8E	-129	
557	557	F7F	-451	
558	558	E3D	-1729	
559	559	93F	-348	
560	560	EA4	1983	
561	561	7BF	-229	
562	562	F1B	-1026	
563	563	BFE	-69	
564	564	FBB	-832	
565	565	CC0	197	
566	566	0C5	257	
567	567	101	464	
568	568	1D0	1982	
569	569	7BE	409	
570	570	199	1214	
571	571	4BE	512	
572	572	200	449	
573	573	1C1	861	
574	574	35D	-1534	
575	575	A02	925	
576	576	39D	-1982	
577	577	842	897	
578	578	381	64	
579	579	040	810	
580	580	32A	-1601	
581	581	9BF	670	
582	582	29E	-832	
583	583	CC0	723	
584	584	2D3	192	
585	585	0C0	589	
586	586	24D	1281	
587	587	501	609	
588	588	261	512	
589	589	200	433	
590	590	1B1	255	
591	591	0FF	213	
592	592	0D5	1729	
593	593	6C1	227	
594	594	0E3	1024	
595	595	400	-168	
596	596	F58	-1281	
597	597	AFF	-438	
598	598	E4A	-833	
599	599	CBF	-401	
600	600	E6F	255	
601	601	0FF	-521	
602	602	DF7	1280	
603	603	500	-701	
604	604	D43	-1345	
605	605	ABF	-642	
606	606	D7E	191	
607	607	0BF	-706	
608	608	D3E	1920	
609	609	780	-799	
610	610	CE1	-128	
611	611	F80	-739	
612	612	D1D	1279	
613	613	4FF	-643	
614	614	D7D	1152	
615	615	480	-677	
616	616	D5B	-448	
617	617	E40	-556	
618	618	DD4	639	
619	619	27F	-400	
620	620	E70	191	
621	621	0BF	-291	
622	622	EDD	1407	
623	623	57F	-176	
624	624	F50	1406	
625	625	57E	-7	
626	626	FF9	-1857	
627	627	8BF	255	
628	628	0FF	-1791	
629	629	901	466	
630	630	1D2	-1409	
631	631	A7F	549	
632	632	225	-1600	
633	633	9C0	655	
634	634	28F	1598	
635	635	63E	624	
636	636	270	444	
637	637	1BC	568	
638	638	238	1598	
639	639	63E	759	
640	640	2F7	512	
641	641	200	814	
642	642	32E	-1729	
643	643	93F	726	
644	644	2D6	0	
645	645	000	800	
646	646	320	-1086	
647	647	BC2	868	
648	648	364	577	
649	649	241	550	
650	650	226	1024	
651	651	400	290	
652	652	122	-1471	
653	653	A41	295	
654	654	127	511	
655	655	1FF	-38	
656	656	FDA	-450	
657	657	E3E	-238	
658	658	F12	255	
659	659	0FF	-327	
660	660	EB9	576	
661	661	240	-508	
662	662	E04	639	
663	663	27F	-580	
664	664	DBC	-1344	
665	665	AC0	-669	
666	666	D63	1024	
667	667	400	-736	
668	668	D20	1791	
669	669	6FF	-721	
670	670	D2F	-1920	
671	671	880	-760	
672	672	D08	1920	
673	673	780	-727	
674	674	D29	832	
675	675	340	-662	
676	676	D6A	128	
677	677	080	-622	
678	678	D92	959	
679	679	3BF	-461	
680	680	E33	63	
681	681	03F	-378	
682	682	E86	767	
683	683	2FF	-236	
684	684	F14	191	
685	685	0BF	-117	
686	686	F8B	62	
687	687	03E	55	
688	688	037	1406	
689	689	57E	159	
690	690	09F	1983	
691	691	7BF	408	
692	692	198	321	
693	693	141	763	
694	694	2FB	-832	
695	695	CC0	828	
696	696	33C	127	
697	697	07F	641	
698	698	281	1664	
699	699	680	775	
700	700	307	575	
701	701	23F	758	
702	702	2F6	-1408	
703	703	A80	780	
704	704	30C	62	
705	705	03E	620	
706	706	26C	701	
707	707	2BD	472	
708	708	1D8	254	
709	709	0FE	390	
710	710	186	703	
711	711	2BF	362	
712	712	16A	-381	
713	713	E83	452	
714	714	1C4	-829	
715	715	CC3	267	
716	716	10B	1471	
717	717	5BF	-158	
718	718	F62	-1218	
719	719	B3E	-302	
720	720	ED2	-1217	
721	721	B3F	-351	
722	722	EA1	512	
723	723	200	-576	
724	724	DC0	-1217	
725	725	B3F	-587	
726	726	DB5	1664	
727	727	680	-678	
728	728	D5A	384	
729	729	180	-773	
730	730	CFB	-192	
731	731	F40	-749	
732	732	D13	383	
733	733	17F	-710	
734	734	D3A	-1472	
735	735	A40	-760	
736	736	D08	-512	
737	737	E00	-657	
738	738	D6F	704	
739	739	2C0	-612	
740	740	D9C	1919	
741	741	77F	-451	
742	742	E3D	1279	
743	743	4FF	-330	
744	744	EB6	63	
745	745	03F	-226	
746	746	F1E	638	
747	747	27E	-67	
748	748	FBD	-770	
749	749	CFE	39	
750	750	027	-321	
751	751	EBF	274	
752	752	112	-319	
753	753	EC1	694	
754	754	2B6	-1278	
755	755	B02	783	
756	756	30F	-639	
757	757	D81	876	
758	758	36C	1345	
759	759	541	947	
760	760	3B3	258	
761	761	102	908	
762	762	38C	1152	
763	763	480	807	
764	764	327	-1473	
765	765	A3F	662	
766	766	296	-640	
767	767	D80	718	
768	768	2CE	768	
769	769	300	591	
770	770	24F	1537	
771	771	601	696	
772	772	2B8	898	
773	773	382	518	
774	774	206	2046	
775	775	7FE	152	
776	776	098	1214	
777	777	4BE	-44	
778	778	FD4	704	
779	779	2C0	-192	
780	780	F40	511	
781	781	1FF	-286	
782	782	EE2	383	
783	783	17F	-407	
784	784	E69	576	
785	785	240	-550	
786	786	DDA	832	
787	787	340	-676	
788	788	D5C	-1664	
789	789	980	-755	
790	790	D0D	-64	
791	791	FC0	-725	
792	792	D2B	576	
793	793	240	-785	
794	794	CEF	-1088	
795	795	BC0	-737	
796	796	D1F	1216	
797	797	4C0	-755	
798	798	D0D	-640	
799	799	D80	-681	
800	800	D57	-1408	
801	801	A80	-619	
802	802	D95	-448	
803	803	E40	-506	
804	804	E06	-1345	
805	805	ABF	-344	
806	806	EA8	1728	
807	807	6C0	-85	
808	808	FAB	-510	
809	809	E02	195	
810	810	0C3	448	
811	811	1C0	290	
812	812	122	257	
813	813	101	554	
814	814	22A	1538	
815	815	602	806	
816	816	326	769	
817	817	301	642	
818	818	282	-515	
819	819	DFD	547	
820	820	223	-452	
821	821	E3C	567	
822	822	237	-1409	
823	823	A7F	706	
824	824	2C2	768	
825	825	300	811	
826	826	32B	-1921	
827	827	87F	668	
828	828	29C	-128	
829	829	F80	831	
830	830	33F	-1151	
831	831	B81	713	
832	832	2C9	831	
833	833	33F	489	
834	834	1E9	961	
835	835	3C1	486	
836	836	1E6	769	
837	837	301	444	
838	838	1BC	1473	
839	839	5C1	219	
840	840	0DB	383	
841	841	17F	-143	
842	842	F71	1151	
843	843	47F	-416	
844	844	E60	-1344	
845	845	AC0	-507	
846	846	E05	-1921	
847	847	87F	-522	
848	848	DF6	448	
849	849	1C0	-683	
850	850	D55	1920	
851	851	780	-767	
852	852	D01	-321	
853	853	EBF	-706	
854	854	D3E	1984	
855	855	7C0	-795	
856	856	CE5	-128	
857	857	F80	-726	
858	858	D2A	192	
859	859	0C0	-737	
860	860	D1F	-896	
861	861	C80	-671	
862	862	D61	-704	
863	863	D40	-554	
864	864	DD6	895	
865	865	37F	-389	
866	866	E7B	831	
867	867	33F	-284	
868	868	EE4	1087	
869	869	43F	-170	
870	870	F56	-1986	
871	871	83E	-5	
872	872	FFB	-706	
873	873	D3E	161	
874	874	0A1	1661	
875	875	67D	307	
876	876	133	2046	
877	877	7FE	493	
878	878	1ED	-383	
879	879	E81	810	
880	880	32A	-1342	
881	881	AC2	923	
882	882	39B	257	
883	883	101	950	
884	884	3B6	704	
885	885	2C0	819	
886	886	333	2047	
887	887	7FF	728	
888	888	2D8	192	
889	889	0C0	717	
890	890	2CD	-1153	
891	891	B7F	513	
892	892	201	-1731	
893	893	93D	346	
894	894	15A	1792	
895	895	700	468	
896	896	1D4	1795	
897	897	703	538	
898	898	21A	639	
899	899	27F	125	
900	900	07D	-1859	
901	901	8BD	-161	
902	902	F5F	-258	
903	903	EFE	-211	
904	904	F2D	-65	
905	905	FBF	-344	
906	906	EA8	831	
907	907	33F	-529	
908	908	DEF	-1	
909	909	FFF	-580	
910	910	DBC	-1408	
911	911	A80	-678	
912	912	D5A	704	
913	913	2C0	-745	
914	914	D17	1855	
915	915	73F	-718	
916	916	D32	-1985	
917	917	83F	-719	
918	918	D31	-1088	
919	919	BC0	-760	
920	920	D08	-960	
921	921	C40	-667	
922	922	D65	384	
923	923	180	-636	
924	924	D84	1919	
925	925	77F	-478	
926	926	E22	1407	
927	927	57F	-407	
928	928	E69	-577	
929	929	DBF	-292	
930	930	EDC	-321	
931	931	EBF	-113	
932	932	F8F	1214	
933	933	4BE	42	
934	934	02A	1471	
935	935	5BF	299	
936	936	12B	-1471	
937	937	A41	545	
938	938	221	1406	
939	939	57E	487	
940	940	1E7	317	
941	941	13D	621	
942	942	26D	193	
943	943	0C1	873	
944	944	369	-190	
945	945	F42	935	
946	946	3A7	-640	
947	947	D80	809	
948	948	329	-1729	
949	949	93F	656	
950	950	290	-1599	
951	951	9C1	857	
952	952	359	322	
953	953	142	887	
954	954	377	770	
955	955	302	671	
956	956	29F	-61	
957	957	FC3	659	
958	958	293	1284	
959	959	504	609	
960	960	261	-766	
961	961	D02	317	
962	962	13D	767	
963	963	2FF	-167	
964	964	F59	1598	
965	965	63E	-310	
966	966	ECA	-961	
967	967	C3F	-419	
968	968	E5D	-192	
969	969	F40	-561	
970	970	DCF	1728	
971	971	6C0	-665	
972	972	D67	-1280	
973	973	B00	-733	
974	974	D23	-576	
975	975	DC0	-723	
976	976	D2D	192	
977	977	0C0	-744	
978	978	D18	383	
979	979	17F	-711	
980	980	D39	-1537	
981	981	9FF	-706	
982	982	D3E	-320	
983	983	EC0	-673	
984	984	D5F	1984	
985	985	7C0	-613	
986	986	D9B	-1985	
987	987	83F	-455	
988	988	E39	1727	
989	989	6BF	-348	
990	990	EA4	-1921	
991	991	87F	-233	
992	992	F17	-1218	
993	993	B3E	-66	
994	994	FBE	-642	
995	995	D7E	118	
996	996	076	766	
997	997	2FE	204	
998	998	0CC	1533	
999	999	5FD	355	
1000	1000	163	-1219	
1001	1001	B3D	474	
1002	1002	1DA	765	
1003	1003	2FD	522	
1004	1004	20A	-1859	
1005	1005	8BD	619	
1006	1006	26B	61	
1007	1007	03D	616	
1008	1008	268	318	
1009	1009	13E	763	
1010	1010	2FB	64	
1011	1011	040	800	
1012	1012	320	1151	
1013	1013	47F	697	
1014	1014	2B9	-2048	
1015	1015	800	613	
1016	1016	265	-193	
1017	1017	F3F	390	
1018	1018	186	127	
1019	1019	07F	267	
1020	1020	10B	-319	
1021	1021	EC1	351	
1022	1022	15F	-769	
1023	1023	CFF	34	
1024	1024	022	1790	
1025	1025	6FE	-205	
1026	1026	F33	639	
1027	1027	27F	-277	
1028	1028	EEB	447	
1029	1029	1BF	-413	
1030	1030	E63	640	
1031	1031	280	-625	
1032	1032	D8F	-384	
1033	1033	E80	-679	
1034	1034	D59	-1409	
1035	1035	A7F	-649	
1036	1036	D77	384	
1037	1037	180	-762	
1038	1038	D06	1920	
1039	1039	780	-791	
1040	1040	CE9	-192	
1041	1041	F40	-737	
1042	1042	D1F	1151	
1043	1043	47F	-642	
1044	1044	D7E	1088	
1045	1045	440	-677	
1046	1046	D5B	-512	
1047	1047	E00	-555	
1048	1048	DD5	191	
1049	1049	0BF	-385	
1050	1050	E7F	447	
1051	1051	1BF	-351	
1052	1052	EA1	-1344	
1053	1053	AC0	-27	
1054	1054	FE5	578	
1055	1055	242	197	
1056	1056	0C5	1344	
1057	1057	540	239	
1058	1058	0EF	-255	
1059	1059	F01	575	
1060	1060	23F	-767	
1061	1061	D01	673	
1062	1062	2A1	1343	
1063	1063	53F	520	
1064	1064	208	-640	
1065	1065	D80	887	
1066	1066	377	258	
1067	1067	102	993	
1068	1068	3E1	0	
1069	1069	000	828	
1070	1070	33C	1919	
1071	1071	77F	658	
1072	1072	292	-512	
1073	1073	E00	722	
1074	1074	2D2	-66	
1075	1075	FBE	531	
1076	1076	213	-706	
1077	1077	D3E	516	
1078	1078	204	1281	
1079	1079	501	544	
1080	1080	220	-1600	
1081	1081	9C0	341	
1082	1082	155	-1983	
1083	1083	841	440	
1084	1084	1B8	-1918	
1085	1085	882	231	
1086	1086	0E7	-577	
1087	1087	DBF	-229	
1088	1088	F1B	-1345	
1089	1089	ABF	-430	
1090	1090	E52	-1728	
1091	1091	940	-501	
1092	1092	E0B	1600	
1093	1093	640	-638	
1094	1094	D82	-832	
1095	1095	CC0	-688	
1096	1096	D50	1599	
1097	1097	63F	-710	
1098	1098	D3A	-321	
1099	1099	EBF	-723	
1100	1100	D2D	-1408	
1101	1101	A80	-766	
1102	1102	D02	1536	
1103	1103	600	-734	
1104	1104	D22	1088	
1105	1105	440	-737	
1106	1106	D1F	-512	
1107	1107	E00	-630	
1108	1108	D8A	1152	
1109	1109	480	-568	
1110	1110	DC8	-1281	
1111	1111	AFF	-389	
1112	1112	E7B	1023	
1113	1113	3FF	-275	
1114	1114	EED	1343	
1115	1115	53F	-178	
1116	1116	F4E	-1154	
1117	1117	B7E	50	
1118	1118	032	830	
1119	1119	33E	151	
1120	1120	097	1279	
1121	1121	4FF	413	
1122	1122	19D	640	
1123	1123	280	693	
1124	1124	2B5	381	
1125	1125	17D	570	
1126	1126	23A	-1923	
1127	1127	87D	631	
1128	1128	277	-1791	
1129	1129	901	937	
1130	1130	3A9	513	
1131	1131	201	839	
1132	1132	347	190	
1133	1133	0BE	701	
1134	1134	2BD	-1023	
1135	1135	C01	832	
1136	1136	340	642	
1137	1137	282	886	
1138	1138	376	-2046	
1139	1139	802	742	
1140	1140	2E6	1409	
1141	1141	581	556	
1142	1142	22C	1535	
1143	1143	5FF	128	
1144	1144	080	-1090	
1145	1145	BBE	-30	
1146	1146	FE2	-705	
1147	1147	D3F	-102	
1148	1148	F9A	510	
1149	1149	1FE	-196	
1150	1150	F3C	1087	
1151	1151	43F	-422	
1152	1152	E5A	-192	
1153	1153	F40	-574	
1154	1154	DC2	-641	
1155	1155	D7F	-579	
1156	1156	DBD	1920	
1157	1157	780	-672	
1158	1158	D60	192	
1159	1159	0C0	-725	
1160	1160	D2B	767	
1161	1161	2FF	-715	
1162	1162	D35	1791	
1163	1163	6FF	-722	
1164	1164	D2E	-1024	
1165	1165	C00	-751	
1166	1166	D11	-1216	
1167	1167	B40	-664	
1168	1168	D68	704	
1169	1169	2C0	-625	
1170	1170	D8F	1855	
1171	1171	73F	-475	
1172	1172	E25	1855	
1173	1173	73F	-334	
1174	1174	EB2	319	
1175	1175	13F	-212	
1176	1176	F2C	127	
1177	1177	07F	-120	
1178	1178	F88	2046	
1179	1179	7FE	40	
1180	1180	028	-1153	
1181	1181	B7F	264	
1182	1182	108	-191	
1183	1183	F41	697	
1184	1184	2B9	1730	
1185	1185	6C2	802	
1186	1186	322	-1536	
1187	1187	A00	744	
1188	1188	2E8	-963	
1189	1189	C3D	627	
1190	1190	273	893	
1191	1191	37D	533	
1192	1192	215	-1666	
1193	1193	97E	759	
1194	1194	2F7	896	
1195	1195	380	815	
1196	1196	32F	1215	
1197	1197	4BF	688	
1198	1198	2B0	-1792	
1199	1199	900	668	
1200	1200	29C	1087	
1201	1201	43F	399	
1202	1202	18F	1597	
1203	1203	63D	232	
1204	1204	0E8	-1666	
1205	1205	97E	140	
1206	1206	08C	-1858	
1207	1207	8BE	-3	
1208	1208	FFD	-385	
1209	1209	E7F	-167	
1210	1210	F59	895	
1211	1211	37F	-278	
1212	1212	EEA	703	
1213	1213	2BF	-421	
1214	1214	E5B	1472	
1215	1215	5C0	-565	
1216	1216	DCB	1280	
1217	1217	500	-681	
1218	1218	D57	-960	
1219	1219	C40	-748	
1220	1220	D14	-192	
1221	1221	F40	-732	
1222	1222	D24	768	
1223	1223	300	-783	
1224	1224	CF1	-896	
1225	1225	C80	-740	
1226	1226	D1C	1024	
1227	1227	400	-758	
1228	1228	D0A	-384	
1229	1229	E80	-680	
1230	1230	D58	-1536	
1231	1231	A00	-623	
1232	1232	D91	-64	
1233	1233	FC0	-509	
1234	1234	E03	-1857	
1235	1235	8BF	-341	
1236	1236	EAB	1855	
1237	1237	73F	-228	
1238	1238	F1C	-194	
1239	1239	F3E	-72	
1240	1240	FB8	-833	
1241	1241	CBF	248	
1242	1242	0F8	-2047	
1243	1243	801	448	
1244	1244	1C0	-1857	
1245	1245	8BF	540	
1246	1246	21C	897	
1247	1247	381	706	
1248	1248	2C2	-766	
1249	1249	D02	903	
1250	1250	387	833	
1251	1251	341	952	
1252	1252	3B8	64	
1253	1253	040	813	
1254	1254	32D	1919	
1255	1255	77F	722	
1256	1256	2D2	576	
1257	1257	240	779	
1258	1258	30B	62	
1259	1259	03E	544	
1260	1260	220	-770	
1261	1261	CFE	479	
1262	1262	1DF	-127	
1263	1263	F81	611	
1264	1264	263	831	
1265	1265	33F	192	
1266	1266	0C0	-130	
1267	1267	F7E	240	
1268	1268	0F0	321	
1269	1269	141	244	
1270	1270	0F4	-1472	
1271	1271	A40	-169	
1272	1272	F57	1216	
1273	1273	4C0	-372	
1274	1274	E8C	1473	
1275	1275	5C1	-333	
1276	1276	EB3	-1792	
1277	1277	900	-558	
1278	1278	DD2	-1985	
1279	1279	83F	-658	
1280	1280	D6E	1792	
1281	1281	700	-703	
1282	1282	D41	0	
1283	1283	000	-764	
1284	1284	D04	-1792	
1285	1285	900	-796	
1286	1286	CE4	-512	
1287	1287	E00	-721	
1288	1288	D2F	448	
1289	1289	1C0	-734	
1290	1290	D22	-576	
1291	1291	DC0	-671	
1292	1292	D61	-832	
1293	1293	CC0	-555	
1294	1294	DD5	575	
1295	1295	23F	-397	
1296	1296	E73	319	
1297	1297	13F	-287	
1298	1298	EE1	639	
1299	1299	27F	-176	
1300	1300	F50	-1986	
1301	1301	83E	-12	
1302	1302	FF4	-1984	
1303	1303	840	197	
1304	1304	0C5	-1407	
1305	1305	A81	461	
1306	1306	1CD	-1153	
1307	1307	B7F	551	
1308	1308	227	-1600	
1309	1309	9C0	644	
1310	1310	284	1535	
1311	1311	5FF	694	
1312	1312	2B6	-1856	
1313	1313	8C0	884	
1314	1314	374	1218	
1315	1315	4C2	984	
1316	1316	3D8	192	
1317	1317	0C0	810	
1318	1318	32A	-1986	
1319	1319	83E	692	
1320	1320	2B4	-1792	
1321	1321	900	876	
1322	1322	36C	1	
1323	1323	001	709	
1324	1324	2C5	1151	
1325	1325	47F	430	
1326	1326	1AE	1730	
1327	1327	6C2	494	
1328	1328	1EE	-1662	
1329	1329	982	373	
1330	1330	175	1918	
1331	1331	77E	-80	
1332	1332	FB0	-514	
1333	1333	DFE	-237	
1334	1334	F13	704	
1335	1335	2C0	-383	
1336	1336	E81	704	
1337	1337	2C0	-507	
1338	1338	E05	447	
1339	1339	1BF	-580	
1340	1340	DBC	-1280	
1341	1341	B00	-667	
1342	1342	D65	768	
1343	1343	300	-737	
1344	1344	D1F	1663	
1345	1345	67F	-715	
1346	1346	D35	-1664	
1347	1347	980	-767	
1348	1348	D01	1856	
1349	1349	740	-722	
1350	1350	D2E	896	
1351	1351	380	-659	
1352	1352	D6D	64	
1353	1353	040	-639	
1354	1354	D81	1791	
1355	1355	6FF	-498	
1356	1356	E0E	1791	
1357	1357	6FF	-380	
1358	1358	E84	1343	
1359	1359	53F	-295	
1360	1360	ED9	-1	
1361	1361	FFF	-179	
1362	1362	F4D	-130	
1363	1363	F7E	50	
1364	1364	032	1598	
1365	1365	63E	168	
1366	1366	0A8	-1666	
1367	1367	97E	265	
1368	1368	109	1598	
1369	1369	63E	560	
1370	1370	230	513	
1371	1371	201	862	
1372	1372	35E	321	
1373	1373	141	850	
1374	1374	352	61	
1375	1375	03D	628	
1376	1376	274	62	
1377	1377	03E	666	
1378	1378	29A	-1600	
1379	1379	9C0	815	
1380	1380	32F	-1537	
1381	1381	9FF	697	
1382	1382	2B9	-1344	
1383	1383	AC0	661	
1384	1384	295	1854	
1385	1385	73E	446	
1386	1386	1BE	-1346	
1387	1387	ABE	371	
1388	1388	173	1666	
1389	1389	682	565	
1390	1390	235	899	
1391	1391	383	264	
1392	1392	108	1599	
1393	1393	63F	-160	
1394	1394	F60	-1090	
1395	1395	BBE	-304	
1396	1396	ED0	-1665	
1397	1397	97F	-354	
1398	1398	E9E	640	
1399	1399	280	-574	
1400	1400	DC2	-1473	
1401	1401	A3F	-585	
1402	1402	DB7	1664	
1403	1403	680	-737	
1404	1404	D1F	-64	
1405	1405	FC0	-711	
1406	1406	D39	0	
1407	1407	000	-805	
1408	1408	CDB	-65	
1409	1409	FBF	-712	
1410	1410	D38	-1088	
1411	1411	BC0	-756	
1412	1412	D0C	-1024	
1413	1413	C00	-659	
1414	1414	D6D	768	
1415	1415	300	-618	
1416	1416	D96	1600	
1417	1417	640	-511	
1418	1418	E01	1663	
1419	1419	67F	-394	
1420	1420	E76	-257	
1421	1421	EFF	-224	
1422	1422	F20	958	
1423	1423	3BE	-66	
1424	1424	FBE	-770	
1425	1425	CFE	47	
1426	1426	02F	-2	
1427	1427	FFE	198	
1428	1428	0C6	1598	
1429	1429	63E	503	
1430	1430	1F7	641	
1431	1431	281	806	
1432	1432	326	1218	
1433	1433	4C2	845	
1434	1434	34D	-383	
1435	1435	E81	895	
1436	1436	37F	-831	
1437	1437	CC1	768	
1438	1438	300	-1729	
1439	1439	93F	658	
1440	1440	292	-383	
1441	1441	E81	843	
1442	1442	34B	1089	
1443	1443	441	801	
1444	1444	321	575	
1445	1445	23F	553	
1446	1446	229	-1470	
1447	1447	A42	642	
1448	1448	282	643	
1449	1449	283	664	
1450	1450	298	769	
1451	1451	301	350	
1452	1452	15E	-2	
1453	1453	FFE	-4	
1454	1454	FFC	-193	
1455	1455	F3F	-245	
1456	1456	F0B	1727	
1457	1457	6BF	-275	
1458	1458	EED	767	
1459	1459	2FF	-415	
1460	1460	E61	384	
1461	1461	180	-559	
1462	1462	DD1	320	
1463	1463	140	-681	
1464	1464	D57	-1600	
1465	1465	9C0	-762	
1466	1466	D06	-128	
1467	1467	F80	-734	
1468	1468	D22	448	
1469	1469	1C0	-790	
1470	1470	CEA	-768	
1471	1471	D00	-743	
1472	1472	D19	1152	
1473	1473	480	-761	
1474	1474	D07	-576	
1475	1475	DC0	-684	
1476	1476	D54	-1344	
1477	1477	AC0	-627	
1478	1478	D8D	-448	
1479	1479	E40	-505	
1480	1480	E07	-1409	
1481	1481	A7F	-346	
1482	1482	EA6	-2048	
1483	1483	800	-79	
1484	1484	FB1	-574	
1485	1485	DC2	197	
1486	1486	0C5	576	
1487	1487	240	235	
1488	1488	0EB	-447	
1489	1489	E41	554	
1490	1490	22A	1858	
1491	1491	742	753	
1492	1492	2F1	-64	
1493	1493	FC0	694	
1494	1494	2B6	-1345	
1495	1495	ABF	640	
1496	1496	280	1855	
1497	1497	73F	827	
1498	1498	33B	384	
1499	1499	180	707	
1500	1500	2C3	-1280	
1501	1501	B00	713	
1502	1502	2C9	-257	
1503	1503	EFF	743	
1504	1504	2E7	193	
1505	1505	0C1	779	
1506	1506	30B	-1407	
1507	1507	A81	711	
1508	1508	2C7	831	
1509	1509	33F	503	
1510	1510	1F7	768	
1511	1511	300	442	
1512	1512	1BA	1536	
1513	1513	600	279	
1514	1514	117	1664	
1515	1515	680	189	
1516	1516	0BD	-832	
1517	1517	CC0	-186	
1518	1518	F46	-1601	
1519	1519	9BF	-423	
1520	1520	E59	1728	
1521	1521	6C0	-403	
1522	1522	E6D	1665	
1523	1523	681	-480	
1524	1524	E20	-383	
1525	1525	E81	-618	
1526	1526	D96	-1791	
1527	1527	901	-617	
1528	1528	D97	1408	
1529	1529	580	-738	
1530	1530	D1E	-448	
1531	1531	E40	-805	
1532	1532	CDB	-1728	
1533	1533	940	-724	
1534	1534	D2C	960	
1535	1535	3C0	-728	
1536	1536	D28	-896	
1537	1537	C80	-675	
1538	1538	D5D	-192	
1539	1539	F40	-568	
1540	1540	DC8	-1985	
1541	1541	83F	-388	
1542	1542	E7C	1535	
1543	1543	5FF	-272	
1544	1544	EF0	1279	
1545	1545	4FF	-177	
1546	1546	F4F	-1346	
1547	1547	ABE	51	
1548	1548	033	894	
1549	1549	37E	143	
1550	1550	08F	831	
1551	1551	33F	415	
1552	1552	19F	768	
1553	1553	300	628	
1554	1554	274	-1473	
1555	1555	A3F	629	
1556	1556	275	-640	
1557	1557	D80	705	
1558	1558	2C1	-1602	
1559	1559	9BE	599	
1560	1560	257	-962	
1561	1561	C3E	660	
1562	1562	294	1472	
1563	1563	5C0	817	
1564	1564	331	-770	
1565	1565	CFE	610	
1566	1566	262	1725	
1567	1567	6BD	396	
1568	1568	18C	-129	
1569	1569	F7F	467	
1570	1570	1D3	-62	
1571	1571	FC2	691	
1572	1572	2B3	258	
1573	1573	102	418	
1574	1574	1A2	-769	
1575	1575	CFF	1	
1576	1576	001	-1411	
1577	1577	A7D	-66	
1578	1578	FBE	1151	
1579	1579	47F	-255	
1580	1580	F01	-1217	
1581	1581	B3F	-406	
1582	1582	E6A	-320	
1583	1583	EC0	-572	
1584	1584	DC4	-577	
1585	1585	DBF	-581	
1586	1586	DBB	-1792	
1587	1587	900	-667	
1588	1588	D65	448	
1589	1589	1C0	-731	
1590	1590	D25	959	
1591	1591	3BF	-707	
1592	1592	D3D	1791	
1593	1593	6FF	-724	
1594	1594	D2C	-1088	
1595	1595	BC0	-755	
1596	1596	D0D	-1088	
1597	1597	BC0	-658	
1598	1598	D6E	384	
1599	1599	180	-634	
1600	1600	D86	1855	
1601	1601	73F	-473	
1602	1602	E27	1535	
1603	1603	5FF	-408	
1604	1604	E68	-129	
1605	1605	F7F	-279	
1606	1606	EE9	-641	
1607	1607	D7F	-119	
1608	1608	F89	1662	
1609	1609	67E	53	
1610	1610	035	1023	
1611	1611	3FF	335	
1612	1612	14F	384	
1613	1613	180	561	
1614	1614	231	-66	
1615	1615	FBE	482	
1616	1616	1E2	2044	
1617	1617	7FC	492	
1618	1618	1EC	1278	
1619	1619	4FE	683	
1620	1620	2AB	-1983	
1621	1621	841	932	
1622	1622	3A4	256	
1623	1623	100	830	
1624	1624	33E	-513	
1625	1625	DFF	655	
1626	1626	28F	-704	
1627	1627	D40	715	
1628	1628	2CB	1599	
1629	1629	63F	630	
1630	1630	276	-959	
1631	1631	C41	679	
1632	1632	2A7	-1725	
1633	1633	943	651	
1634	1634	28B	450	
1635	1635	1C2	575	
1636	1636	23F	66	
1637	1637	042	219	
1638	1638	0DB	-961	
1639	1639	C3F	-150	
1640	1640	F6A	-770	
1641	1641	CFE	-298	
1642	1642	ED6	1855	
1643	1643	73F	-407	
1644	1644	E69	-1216	
1645	1645	B40	-548	
1646	1646	DDC	1088	
1647	1647	440	-677	
1648	1648	D5B	-768	
1649	1649	D00	-739	
1650	1650	D1D	-128	
1651	1651	F80	-725	
1652	1652	D2B	640	
1653	1653	280	-793	
1654	1654	CE7	-257	
1655	1655	EFF	-709	
1656	1656	D3B	-1536	
1657	1657	A00	-763	
1658	1658	D05	-64	
1659	1659	FC0	-673	
1660	1660	D5F	-1984	
1661	1661	840	-625	
1662	1662	D8F	-449	
1663	1663	E3F	-451	
1664	1664	E3D	1599	
1665	1665	63F	-339	
1666	1666	EAD	-1857	
1667	1667	8BF	-241	
1668	1668	F0F	-1601	
1669	1669	9BF	-122	
1670	1670	F86	-194	
1671	1671	F3E	114	
1672	1672	072	318	
1673	1673	13E	207	
1674	1674	0CF	1725	
1675	1675	6BD	355	
1676	1676	163	-1091	
1677	1677	BBD	465	
1678	1678	1D1	638	
1679	1679	27E	665	
1680	1680	299	320	
1681	1681	140	804	
1682	1682	324	1663	
1683	1683	67F	757	
1684	1684	2F5	1472	
1685	1685	5C0	768	
1686	1686	300	511	
1687	1687	1FF	750	
1688	1688	2EE	513	
1689	1689	201	782	
1690	1690	30E	-1471	
1691	1691	A41	766	
1692	1692	2FE	638	
1693	1693	27E	348	
1694	1694	15C	1215	
1695	1695	4BF	265	
1696	1696	109	-319	
1697	1697	EC1	351	
1698	1698	15F	-129	
1699	1699	F7F	29	
1700	1700	01D	1342	
1701	1701	53E	-208	
1702	1702	F30	703	
1703	1703	2BF	-326	
1704	1704	EBA	-1088	
1705	1705	BC0	-402	
1706	1706	E6E	-1726	
1707	1707	942	-509	
1708	1708	E03	-1664	
1709	1709	980	-652	
1710	1710	D74	-1	
1711	1711	FFF	-726	
1712	1712	D2A	-1216	
1713	1713	B40	-759	
1714	1714	D09	-1664	
1715	1715	980	-783	
1716	1716	CF1	-448	
1717	1717	E40	-739	
1718	1718	D1D	1344	
1719	1719	540	-699	
1720	1720	D45	960	
1721	1721	3C0	-676	
1722	1722	D5C	-320	
1723	1723	EC0	-548	
1724	1724	DDC	255	
1725	1725	0FF	-395	
1726	1726	E75	831	
1727	1727	33F	-299	
1728	1728	ED5	0	
1729	1729	000	-26	
1730	1730	FE6	1026	
1731	1731	402	199	
1732	1732	0C7	1024	
1733	1733	400	315	
1734	1734	13B	832	
1735	1735	340	500	
1736	1736	1F4	574	
1737	1737	23E	410	
1738	1738	19A	-770	
1739	1739	CFE	550	
1740	1740	226	1409	
1741	1741	581	704	
1742	1742	2C0	-642	
1743	1743	D7E	609	
1744	1744	261	-324	
1745	1745	EBC	570	
1746	1746	23A	-1921	
1747	1747	87F	708	
1748	1748	2C4	64	
1749	1749	040	812	
1750	1750	32C	1726	
1751	1751	6BE	514	
1752	1752	202	-1730	
1753	1753	93E	521	
1754	1754	209	1153	
1755	1755	481	541	
1756	1756	21D	-1344	
1757	1757	AC0	366	
1758	1758	16E	1026	
1759	1759	402	368	
1760	1760	170	-1214	
1761	1761	B42	236	
1762	1762	0EC	-1217	
1763	1763	B3F	-233	
1764	1764	F17	-833	
1765	1765	CBF	-435	
1766	1766	E4D	1664	
1767	1767	680	-389	
1768	1768	E7B	1089	
1769	1769	441	-471	
1770	1770	E29	-1792	
1771	1771	900	-658	
1772	1772	D6E	-1345	
1773	1773	ABF	-731	
1774	1774	D25	-1857	
1775	1775	8BF	-714	
1776	1776	D36	-1088	
1777	1777	BC0	-760	
1778	1778	D08	1792	
1779	1779	700	-725	
1780	1780	D2B	768	
1781	1781	300	-731	
1782	1782	D25	-384	
1783	1783	E80	-626	
1784	1784	D8E	768	
1785	1785	300	-568	
1786	1786	DC8	-1345	
1787	1787	ABF	-387	
1788	1788	E7D	895	
1789	1789	37F	-279	
1790	1790	EE9	-1922	
1791	1791	87E	-67	
1792	1792	FBD	126	
1793	1793	07E	55	
1794	1794	037	1598	
1795	1795	63E	151	
1796	1796	097	1151	
1797	1797	47F	418	
1798	1798	1A2	1216	
1799	1799	4C0	689	
1800	1800	2B1	446	
1801	1801	1BE	512	
1802	1802	200	-1795	
1803	1803	8FD	627	
1804	1804	273	-1471	
1805	1805	A41	936	
1806	1806	3A8	385	
1807	1807	181	836	
1808	1808	344	63	
1809	1809	03F	647	
1810	1810	287	-513	
1811	1811	DFF	766	
1812	1812	2FE	-1600	
1813	1813	9C0	643	
1814	1814	283	320	
1815	1815	140	615	
1816	1816	267	639	
1817	1817	27F	326	
1818	1818	146	1597	
1819	1819	63D	127	
1820	1820	07F	-385	
1821	1821	E7F	1	
1822	1822	001	1983	
1823	1823	7BF	-170	
1824	1824	F56	-130	
1825	1825	F7E	-203	
1826	1826	F35	703	
1827	1827	2BF	-425	
1828	1828	E57	-128	
1829	1829	F80	-573	
1830	1830	DC3	-897	
1831	1831	C7F	-584	
1832	1832	DB8	1664	
1833	1833	680	-670	
1834	1834	D62	512	
1835	1835	200	-722	
1836	1836	D2E	511	
1837	1837	1FF	-711	
1838	1838	D39	1983	
1839	1839	7BF	-722	
1840	1840	D2E	-1024	
1841	1841	C00	-750	
1842	1842	D12	-832	
1843	1843	CC0	-661	
1844	1844	D6B	448	
1845	1845	1C0	-624	
1846	1846	D90	-1857	
1847	1847	8BF	-473	
1848	1848	E27	1855	
1849	1849	73F	-332	
1850	1850	EB4	191	
1851	1851	0BF	-216	
1852	1852	F28	319	
1853	1853	13F	-115	
1854	1854	F8D	1662	
1855	1855	67E	39	
1856	1856	027	-577	
1857	1857	DBF	271	
1858	1858	10F	-191	
1859	1859	F41	696	
1860	1860	2B8	1730	
1861	1861	6C2	798	
1862	1862	31E	-1919	
1863	1863	881	877	
1864	1864	36D	1600	
1865	1865	640	810	
1866	1866	32A	1919	
1867	1867	77F	738	
1868	1868	2E2	64	
1869	1869	040	774	
1870	1870	306	1087	
1871	1871	43F	754	
1872	1872	2F2	705	
1873	1873	2C1	776	
1874	1874	308	-831	
1875	1875	CC1	746	
1876	1876	2EA	1662	
1877	1877	67E	360	
1878	1878	168	-643	
1879	1879	D7D	232	
1880	1880	0E8	-1666	
1881	1881	97E	144	
1882	1882	090	-1281	
1883	1883	AFF	-62	
1884	1884	FC2	-1537	
1885	1885	9FF	-149	
1886	1886	F6B	191	
1887	1887	0BF	-350	
1888	1888	EA2	-384	
1889	1889	E80	-363	
1890	1890	E95	898	
1891	1891	382	-511	
1892	1892	E01	-576	
1893	1893	DC0	-583	
1894	1894	DB9	319	
1895	1895	13F	-711	
1896	1896	D39	-1472	
1897	1897	A40	-729	
1898	1898	D27	640	
1899	1899	280	-785	
1900	1900	CEF	-384	
1901	1901	E80	-742	
1902	1902	D1A	576	
1903	1903	240	-763	
1904	1904	D05	-320	
1905	1905	EC0	-683	
1906	1906	D55	-1536	
1907	1907	A00	-625	
1908	1908	D8F	-384	
1909	1909	E80	-508	
1910	1910	E04	-1281	
1911	1911	AFF	-338	
1912	1912	EAE	-1601	
1913	1913	9BF	-225	
1914	1914	F1F	-834	
1915	1915	CBE	-71	
1916	1916	FB9	-65	
1917	1917	FBF	246	
1918	1918	0F6	1090	
1919	1919	442	594	
1920	1920	252	642	
1921	1921	282	729	
1922	1922	2D9	-1150	
1923	1923	B82	776	
1924	1924	308	1984	
1925	1925	7C0	797	
1926	1926	31D	447	
1927	1927	1BF	709	
1928	1928	2C5	512	
1929	1929	200	781	
1930	1930	30D	191	
1931	1931	0BF	751	
1932	1932	2EF	-1344	
1933	1933	AC0	713	
1934	1934	2C9	-962	
1935	1935	C3E	538	
1936	1936	21A	-514	
1937	1937	DFE	479	
1938	1938	1DF	-958	
1939	1939	C42	679	
1940	1940	2A7	-574	
1941	1941	DC2	455	
1942	1942	1C7	-1537	
1943	1943	9FF	233	
1944	1944	0E9	-1599	
1945	1945	9C1	141	
1946	1946	08D	-128	
1947	1947	F80	-160	
1948	1948	F60	-1793	
1949	1949	8FF	-417	
1950	1950	E5F	1920	
1951	1951	780	-507	
1952	1952	E05	-1473	
1953	1953	A3F	-527	
1954	1954	DF1	960	
1955	1955	3C0	-699	
1956	1956	D45	-1153	
1957	1957	B7F	-705	
1958	1958	D3F	-65	
1959	1959	FBF	-705	
1960	1960	D3F	1856	
1961	1961	740	-793	
1962	1962	CE7	-128	
1963	1963	F80	-724	
1964	1964	D2C	192	
1965	1965	0C0	-735	
1966	1966	D21	-576	
1967	1967	DC0	-673	
1968	1968	D5F	-960	
1969	1969	C40	-560	
1970	1970	DD0	767	
1971	1971	2FF	-396	
1972	1972	E74	639	
1973	1973	27F	-287	
1974	1974	EE1	959	
1975	1975	3BF	-178	
1976	1976	F4E	-1922	
1977	1977	87E	-3	
1978	1978	FFD	-706	
1979	1979	D3E	155	
1980	1980	09B	1469	
1981	1981	5BD	304	
1982	1982	130	1406	
1983	1983	57E	559	
1984	1984	22F	192	
1985	1985	0C0	742	
1986	1986	2E6	447	
1987	1987	1BF	668	
1988	1988	29C	-1600	
1989	1989	9C0	874	
1990	1990	36A	1217	
1991	1991	4C1	837	
1992	1992	345	383	
1993	1993	17F	655	
1994	1994	28F	-193	
1995	1995	F3F	752	
1996	1996	2F0	-769	
1997	1997	CFF	677	
1998	1998	2A5	-1344	
1999	1999	AC0	612	
2000	2000	264	768	
2001	2001	300	481	
2002	2002	1E1	1025	
2003	2003	401	343	
2004	2004	157	-833	
2005	2005	CBF	104	
2006	2006	068	-1667	
2007	2007	97D	-74	
2008	2008	FB6	1150	
2009	2009	47E	-199	
2010	2010	F39	-449	
2011	2011	E3F	-325	
2012	2012	EBB	319	
2013	2013	13F	-517	
2014	2014	DFB	-193	
2015	2015	F3F	-582	
2016	2016	DBA	-896	
2017	2017	C80	-669	
2018	2018	D63	512	
2019	2019	200	-741	
2020	2020	D1B	1663	
2021	2021	67F	-719	
2022	2022	D31	-1792	
2023	2023	900	-767	
2024	2024	D01	1728	
2025	2025	6C0	-723	
2026	2026	D2D	1344	
2027	2027	540	-735	
2028	2028	D21	-256	
2029	2029	F00	-632	
2030	2030	D88	2047	
2031	2031	7FF	-502	
2032	2032	E0A	1983	
2033	2033	7BF	-377	
2034	2034	E87	1919	
2035	2035	77F	-294	
2036	2036	EDA	-193	
2037	2037	F3F	-115	
2038	2038	F8D	638	
2039	2039	27E	48	
2040	2040	030	767	
2041	2041	2FF	312	
2042	2042	138	1729	
2043	2043	6C1	542	
2044	2044	21E	127	
2045	2045	07F	555	
2046	2046	22B	-1216	
2047	2047	B40	815	
